firma_A	firma_B	firma_C
126,00	135,43	65,43
119,00	134,99	67,06
127,00	134,04	68,91
130,00	133,76	70,80
110,00	136,73	72,26
108,71	136,49	73,63
109,82	139,22	73,64
108,34	138,41	71,74
108,98	137,68	72,89
107,72	140,59	74,32
109,10	143,21	75,57
107,73	145,95	77,37
107,75	145,35	75,70
110,02	145,35	75,96
112,45	145,24	78,04
110,84	148,19	78,28
109,06	146,26	79,41
107,28	144,43	77,45
108,88	144,19	76,04
111,35	142,59	77,11
112,72	142,33	78,72
113,08	141,56	77,00
115,28	139,78	79,03
114,25	142,72	77,54
112,65	141,38	76,08
115,10	141,34	74,11
116,76	140,87	72,23
114,96	139,35	72,24
113,89	141,87	74,19
112,77	140,41	75,75
113,51	138,98	74,11
112,20	137,32	74,75
110,36	136,93	72,89
112,47	136,37	71,26
112,67	136,24	72,92
111,09	134,69	73,63
110,06	137,49	72,04
111,55	135,70	70,16
112,25	134,69	72,24
110,59	133,41	70,25
109,24	136,24	71,67
107,52	136,22	73,10
107,97	135,70	74,36
106,54	134,72	72,81
105,18	133,13	71,02
103,97	131,48	72,37
105,17	131,35	72,58
106,10	131,20	70,73
107,77	130,01	69,03
108,02	129,72	70,00
108,88	128,45	68,27
107,26	128,39	68,97
106,11	127,62	67,49
104,42	127,12	67,79
106,04	129,86	68,91
108,40	128,14	69,81
108,53	127,11	67,84
109,46	125,12	69,35
108,32	123,31	69,71
106,32	123,23	67,77
111,11	126,02	69,61
112,07	124,34	71,64
110,42	122,71	73,26
108,52	122,53	73,27
106,63	122,08	74,29
107,24	124,82	75,55
109,24	123,18	76,38
108,19	121,65	76,71
106,77	120,46	78,13
107,03	118,94	79,71
107,42	121,35	81,35
106,16	119,53	79,41
108,30	122,07	77,70
106,46	121,46	78,58
108,61	121,05	77,02
107,56	119,15	75,13
109,68	117,48	73,45
107,87	120,35	71,93
106,41	119,66	72,96
106,92	117,79	74,28
105,03	116,78	75,78
103,36	115,69	76,88
103,78	114,43	77,36
103,98	116,98	75,79
102,21	115,16	77,34
100,65	117,73	79,17
99,64	116,14	80,76
101,26	114,52	79,02
102,85	117,04	79,25
101,59	116,49	80,26
102,13	115,06	81,26
100,74	117,47	81,64
99,12	120,19	79,85
99,13	122,89	81,54
99,60	122,61	79,87
98,53	122,59	80,00
98,74	125,49	81,01
98,96	127,95	79,17
97,74	126,34	80,29
95,84	128,94	81,60
94,12	131,64	82,75
92,92	134,62	83,09
91,81	134,53	84,09
90,67	137,36	85,17
89,00	136,86	86,00
91,41	136,07	84,14
89,57	134,57	86,19
87,61	134,38	86,34
86,05	132,80	87,75
84,74	131,24	86,13
82,99	129,40	87,39
83,24	128,89	88,80
82,01	131,63	89,88
83,78	130,61	91,83
84,58	129,29	93,53
83,54	128,64	93,72
81,98	126,95	94,47
80,83	129,85	94,65
82,36	132,72	92,86
84,09	131,20	94,21
84,24	130,31	96,18
82,95	129,08	96,18
81,31	131,88	94,72
79,98	134,60	95,97
82,43	137,30	94,21
82,52	136,16	95,42
84,65	138,70	93,76
86,94	141,12	94,56
85,55	139,78	92,73
83,97	139,46	93,24
86,02	137,97	94,61
86,22	140,64	95,66
85,22	140,30	96,73
87,49	140,18	98,18
86,28	138,26	96,62
85,13	136,72	98,19
85,52	136,54	99,72
87,25	135,39	100,95
86,24	134,08	99,54
84,92	133,26	101,54
87,16	132,34	101,73
85,98	135,11	101,74
88,40	135,00	100,01
86,92	133,35	98,39
85,46	132,09	96,49
86,18	131,82	97,95
85,09	134,54	96,33
83,71	137,08	94,86
85,66	136,36	96,17
85,94	134,98	97,44
87,40	133,44	98,68
86,27	132,32	99,99
88,03	132,25	100,81
88,79	134,86	100,92
89,70	133,21	102,29
90,26	131,81	100,76
88,27	131,00	102,48
88,73	130,27	102,72
87,13	128,56	104,60
85,68	127,84	106,69
84,27	127,42	106,85
82,68	127,09	107,25
84,44	126,43	108,44
85,82	126,31	110,27
84,73	129,23	110,94
86,08	128,37	109,26
87,80	128,21	110,98
86,31	130,98	111,80
84,68	130,07	110,07
82,77	129,90	110,79
80,95	129,86	109,17
81,61	128,05	107,31
82,19	130,53	107,72
80,69	130,22	105,87
81,66	129,61	106,22
80,06	128,19	107,40
78,96	127,64	108,01
80,52	126,21	106,27
81,67	124,23	108,33
82,11	123,24	109,22
83,32	126,19	107,37
84,79	129,05	107,76
83,25	128,65	108,37
81,32	126,93	109,22
82,70	129,41	107,78
84,81	129,25	109,71
86,60	129,17	107,74
87,71	127,81	109,77
86,58	130,62	111,27
85,23	129,24	109,41
87,45	128,72	109,72
86,12	128,01	108,19
87,45	127,99	109,68
89,49	126,59	110,39
87,85	125,24	111,28
89,46	123,39	112,56
87,60	122,61	113,15
87,87	122,54	114,21
88,46	121,81	114,89
90,40	124,57	114,91
88,55	123,78	112,97
86,63	126,62	111,12
88,98	125,63	111,44
90,85	124,55	113,24
89,19	123,80	111,26
91,15	123,76	109,56
93,49	122,59	109,82
92,45	121,07	111,61
90,51	119,15	110,11
91,65	122,04	111,72
92,92	120,35	111,85
91,21	119,39	113,24
93,43	118,26	114,79
91,80	117,65	113,20
91,80	116,70	113,27
92,00	119,54	111,75
92,36	117,82	112,97
92,90	116,68	114,74
93,10	116,12	115,57
91,21	114,56	116,87
91,54	114,52	114,98
90,34	117,21	115,04
92,62	115,46	113,31
91,21	118,16	114,96
89,52	120,88	116,80
90,34	119,20	115,36
91,91	121,71	116,53
90,80	121,00	117,96
88,98	119,69	118,03
89,86	117,74	119,61
88,45	115,81	120,03
86,77	115,06	121,42
85,63	117,64	119,78
87,73	116,28	117,80
89,17	116,04	118,56
88,01	115,24	119,36
88,31	114,55	121,42
86,56	114,27	122,84
87,67	113,44	123,27
88,52	112,32	124,11
87,25	111,20	122,69
85,42	113,85	123,41
86,62	112,40	124,95
88,88	110,75	123,43
91,29	113,66	124,69
93,10	116,29	126,35
93,12	115,90	128,30
91,63	115,81	130,11
92,81	118,40	131,28
91,50	117,81	129,41
89,95	116,40	130,46
88,12	115,83	128,50
89,90	115,44	130,22
88,53	114,28	128,71
89,84	112,41	129,20
88,49	111,14	127,53
89,57	110,14	127,70
88,41	109,88	126,09
86,51	109,46	126,84
85,32	109,05	127,17
84,06	108,22	127,26
82,30	108,01	127,33
80,76	106,11	128,84
79,74	109,11	130,11
77,97	107,80	130,80
76,87	107,08	131,66
75,68	106,03	133,33
74,00	108,96	135,00
72,63	111,91	133,07
74,45	110,17	133,78
76,71	112,84	132,02
75,00	111,15	130,40
73,35	109,91	132,28
71,90	109,19	132,39
70,31	108,35	130,94
68,63	107,99	129,53
71,07	110,40	129,55
72,34	108,92	130,43
71,27	111,43	130,89
71,54	109,43	129,18
72,11	108,76	129,96
73,61	107,21	130,33
74,50	107,13	130,64
76,24	109,71	130,78
76,92	109,26	129,14
78,94	108,08	130,85
77,64	107,52	131,24
76,14	107,35	131,37
74,72	105,74	129,88
73,02	105,32	131,79
73,42	103,92	129,98
71,85	103,17	130,77
70,02	102,14	129,31
68,36	101,73	130,67
66,99	100,39	128,88
65,94	98,52	127,10
64,15	101,27	128,56
65,95	101,23	126,64
67,45	100,80	127,50
65,54	103,36	127,51
67,31	103,09	128,83
68,48	101,33	126,93
70,61	101,33	128,90
68,95	100,05	129,55
70,34	99,10	130,00
72,26	102,08	129,80
70,56	101,44	131,47
72,20	100,09	131,77
70,36	98,49	132,02
71,61	96,78	133,83
70,29	95,63	135,18
69,23	93,96	137,03
67,99	92,27	138,52
69,44	90,35	137,19
70,47	92,91	135,95
71,23	91,71	137,00
70,17	91,34	137,67
71,95	90,05	136,63
73,10	89,87	137,87
74,34	92,63	139,09
75,40	91,36	140,12
75,91	91,04	138,57
74,76	90,45	138,84
75,89	89,75	140,71
77,86	89,51	140,85
79,27	88,66	138,95
80,73	88,17	140,37
81,01	87,02	139,33
79,97	86,95	141,26
77,98	85,86	142,92
79,21	88,48	145,30
80,59	86,96	143,49
83,04	86,49	145,41
84,26	86,09	147,40
85,28	84,37	146,27
85,74	83,22	148,38
84,14	85,72	150,67
86,12	84,73	150,84
86,23	84,15	149,73
84,78	83,26	148,35
86,91	82,50	150,61
85,30	81,74	148,95
83,64	84,27	147,17
82,50	83,00	147,86
83,50	85,99	149,49
85,49	84,29	147,90
87,71	83,35	146,46
85,99	86,22	144,76
88,15	85,51	146,64
88,57	84,25	146,84
88,75	84,11	145,82
89,45	86,81	147,20
87,70	85,18	149,23
85,97	85,17	150,75
86,77	83,74	151,95
85,03	83,16	154,04
83,62	82,19	155,46
85,87	80,93	157,47
86,95	83,66	155,78
88,95	82,17	154,39
87,68	81,81	155,92
86,52	80,97	154,42
87,64	80,41	153,37
86,51	79,86	154,38
85,10	79,52	152,55
86,09	78,86	150,98
84,89	77,11	151,24
83,75	75,29	153,69
85,37	78,26	155,26
85,90	77,23	153,86
84,34	79,95	152,09
83,32	79,03	150,44
83,78	78,57	152,88
81,97	76,85	153,57
83,69	79,53	151,80
82,46	82,14	153,21
84,11	81,95	154,75
85,63	81,26	153,43
85,83	79,76	152,27
86,66	82,50	151,00
87,96	80,88	152,36
89,71	80,27	150,48
91,38	80,06	151,60
90,08	78,17	149,70
88,79	77,03	150,75
86,79	76,48	149,30
84,93	76,21	149,42
83,65	76,09	147,55
84,46	75,75	148,07
82,96	74,55	149,90
81,92	74,29	151,68
80,32	73,21	153,25
80,37	72,27	152,23
81,26	70,48	150,25
83,72	70,05	148,80
84,27	68,35	146,96
82,97	67,58	145,48
83,17	66,30	147,35
81,82	65,04	145,40
84,04	63,88	145,47
82,65	63,09	146,12
83,94	61,68	147,22
82,19	60,11	148,13
84,44	63,04	149,90
82,85	65,81	147,96
84,73	64,26	146,51
84,93	63,08	147,87
83,87	62,49	149,41
82,71	61,45	150,39
81,37	60,30	149,35
80,04	62,81	147,81
81,96	62,35	145,85
82,73	61,53	147,65
81,60	61,16	148,00
80,37	60,65	149,16
82,29	59,06	148,12
83,24	61,49	146,75
85,09	64,21	148,88
85,26	64,11	150,14
87,45	63,40	149,12
89,82	61,83	147,93
91,95	59,96	145,99
94,23	59,02	144,71
93,11	57,84	145,03
93,73	60,76	146,52
95,75	60,53	146,65
97,38	62,95	148,26
99,66	62,42	146,60
98,06	64,86	147,83
99,61	63,25	150,03
97,68	62,83	151,15
96,12	61,62	149,95
94,84	60,02	150,98
95,23	59,25	149,25
96,12	62,11	151,06
94,84	60,56	149,65
93,28	60,46	148,22
91,44	63,27	146,25
93,22	62,21	146,91
95,34	65,21	145,85
97,18	64,72	146,31
95,89	64,51	144,60
94,40	63,15	143,56
93,07	65,96	143,61
93,84	64,82	143,98
92,78	63,49	142,51
94,02	62,41	144,03
95,27	65,36	142,49
93,67	64,40	140,54
95,35	63,79	138,89
96,14	62,37	137,61
94,99	65,24	138,30
95,70	64,81	136,81
95,72	63,89	135,43
96,62	66,79	134,00
98,19	65,16	134,07
97,19	67,81	135,07
97,88	70,23	133,70
96,50	69,88	132,12
98,32	69,65	132,20
100,41	67,95	134,63
98,63	66,98	136,87
96,81	65,76	138,55
98,88	65,53	137,23
100,54	68,27	135,35
102,50	66,36	133,85
103,73	65,00	134,45
101,95	67,90	136,01
100,28	67,61	134,69
101,15	66,87	136,71
101,53	69,79	135,55
103,27	72,55	138,04
102,20	70,64	136,30
100,83	69,99	136,91
101,60	68,07	137,52
99,94	66,72	136,02
98,46	69,35	134,65
97,24	68,80	133,62
97,60	66,97	134,27
98,91	66,28	134,35
101,11	64,41	133,19
102,79	66,86	132,10
103,54	66,22	132,30
102,54	64,24	131,23
100,72	62,97	130,09
99,66	61,28	131,73
101,44	63,76	130,03
99,81	63,15	128,21
101,70	62,62	128,51
99,88	65,52	127,47
102,11	65,18	126,24
104,42	64,34	128,41
105,45	64,28	128,56
104,12	67,06	128,58
102,55	66,61	127,41
100,83	65,15	129,69
102,59	63,19	128,27
101,01	62,21	126,99
102,11	61,89	127,03
100,38	59,94	127,11
