id_losowania	data_losowania	nr1	nr2	nr3	nr4	nr5
1023	2013-05-04	12	17	22	26	30
1024	2013-05-06	8	12	15	19	23
1025	2013-05-08	12	14	15	18	22
1026	2013-05-10	1	5	7	9	10
1027	2013-05-12	2	6	9	10	13
1028	2013-05-14	20	22	25	26	28
1029	2013-05-16	2	4	5	7	9
1030	2013-05-18	6	8	11	15	16
1031	2013-05-20	12	14	16	17	21
1032	2013-05-22	11	12	14	18	19
1033	2013-05-24	15	18	23	25	29
1034	2013-05-26	17	22	26	27	28
1035	2013-05-28	1	6	7	9	14
1036	2013-05-30	19	21	26	27	28
1037	2013-06-01	15	20	24	26	31
1038	2013-06-03	11	13	15	17	22
1039	2013-06-05	3	7	10	12	15
1040	2013-06-07	6	8	9	11	14
1041	2013-06-09	10	12	13	17	21
1042	2013-06-11	10	13	18	20	25
1043	2013-06-13	2	4	6	11	12
1044	2013-06-15	18	23	26	27	31
1045	2013-06-17	6	8	9	11	16
1046	2013-06-19	8	11	13	16	18
1047	2013-06-21	8	9	10	15	19
1048	2013-06-23	17	20	22	27	29
1049	2013-06-25	14	18	20	25	28
1050	2013-06-27	15	18	19	22	27
1051	2013-06-29	15	19	22	26	29
1052	2013-07-01	19	21	26	29	31
1053	2013-07-03	5	9	13	18	19
1054	2013-07-05	9	14	16	17	20
1055	2013-07-07	8	10	11	14	17
1056	2013-07-09	16	21	23	27	31
1057	2013-07-11	7	8	13	15	17
1058	2013-07-13	11	13	15	20	23
1059	2013-07-15	5	7	8	11	16
1060	2013-07-17	3	4	9	10	13
1061	2013-07-19	3	8	11	13	15
1062	2013-07-21	3	8	10	11	12
1063	2013-07-23	11	12	17	21	24
1064	2013-07-25	7	11	15	18	22
1065	2013-07-27	5	9	12	15	18
1066	2013-07-29	17	21	26	28	33
1067	2013-07-31	1	4	6	7	9
1068	2013-08-02	17	18	19	20	21
1069	2013-08-04	5	6	10	13	15
1070	2013-08-06	9	14	19	22	27
1071	2013-08-08	15	20	21	23	28
1072	2013-08-10	4	5	10	11	13
1073	2013-08-12	18	22	27	28	31
1074	2013-08-14	5	10	12	14	18
1075	2013-08-16	10	14	19	21	26
1076	2013-08-18	3	5	6	10	14
1077	2013-08-20	9	10	13	14	18
1078	2013-08-22	4	6	10	12	15
1079	2013-08-24	14	18	22	26	30
1080	2013-08-26	9	12	13	14	19
1081	2013-08-28	19	20	21	22	24
1082	2013-08-30	9	11	16	19	21
1083	2013-09-01	19	22	26	30	32
1084	2013-09-03	9	13	15	16	21
1085	2013-09-05	16	21	24	25	27
1086	2013-09-07	5	6	11	13	14
1087	2013-09-09	18	21	25	27	31
1088	2013-09-11	14	19	23	25	27
1089	2013-09-13	4	9	11	13	15
1090	2013-09-15	11	12	13	16	18
1091	2013-09-17	1	4	6	8	12
1092	2013-09-19	10	12	13	18	19
1093	2013-09-21	20	22	23	28	33
1094	2013-09-23	12	16	19	24	28
1095	2013-09-25	17	18	21	23	26
1096	2013-09-27	18	22	24	28	31
1097	2013-09-29	13	17	21	24	28
1098	2013-10-01	10	12	13	17	19
1099	2013-10-03	13	14	18	20	21
1100	2013-10-05	12	14	17	21	22
1101	2013-10-07	14	17	18	22	24
1102	2013-10-09	11	12	13	16	18
1103	2013-10-11	15	18	23	28	31
1104	2013-10-13	16	17	19	24	26
1105	2013-10-15	16	17	22	24	27
1106	2013-10-17	7	9	12	16	18
1107	2013-10-19	8	12	15	18	21
1108	2013-10-21	16	19	23	26	30
1109	2013-10-23	18	23	24	25	27
1110	2013-10-25	1	6	7	12	15
1111	2013-10-27	6	9	14	18	20
1112	2013-10-29	6	9	11	15	20
1113	2013-10-31	12	17	20	21	23
1114	2013-11-02	10	15	19	21	25
1115	2013-11-04	7	8	13	16	19
1116	2013-11-06	14	17	21	22	23
1117	2013-11-08	13	16	18	21	23
1118	2013-11-10	11	15	17	18	19
1119	2013-11-12	16	20	22	27	28
1120	2013-11-14	16	21	22	26	31
1121	2013-11-16	15	18	21	23	28
1122	2013-11-18	5	8	11	13	16
1123	2013-11-20	4	8	9	14	19
1124	2013-11-22	7	12	14	15	17
1125	2013-11-24	9	12	14	17	21
1126	2013-11-26	4	6	9	12	17
1127	2013-11-28	11	16	18	21	23
1128	2013-11-30	15	19	22	27	30
1129	2013-12-02	17	18	23	25	29
1130	2013-12-04	2	3	7	9	11
1131	2013-12-06	2	3	7	12	17
1132	2013-12-08	3	7	9	11	12
1133	2013-12-10	16	17	22	27	31
1134	2013-12-12	7	8	9	11	12
1135	2013-12-14	18	20	22	26	27
1136	2013-12-16	9	13	14	15	16
1137	2013-12-18	10	11	12	14	15
1138	2013-12-20	20	24	25	28	31
1139	2013-12-22	17	20	24	27	28
1140	2013-12-24	1	3	7	11	12
1141	2013-12-26	19	24	26	29	34
1142	2013-12-28	19	20	24	28	33
1143	2013-12-30	12	13	17	20	25
1144	2014-01-01	5	6	10	13	14
1145	2014-01-03	16	20	21	23	26
1146	2014-01-05	3	5	6	9	14
1147	2014-01-07	18	19	22	23	27
1148	2014-01-09	3	7	11	16	20
1149	2014-01-11	7	9	14	18	23
1150	2014-01-13	3	6	9	11	14
1151	2014-01-15	4	7	12	16	21
1152	2014-01-17	8	10	14	17	18
1153	2014-01-19	2	3	6	9	10
1154	2014-01-21	17	21	23	28	31
1155	2014-01-23	20	22	27	28	32
1156	2014-01-25	15	18	23	25	28
1157	2014-01-27	16	17	19	20	21
1158	2014-01-29	10	11	14	16	18
1159	2014-01-31	16	18	20	25	26
1160	2014-02-02	15	16	17	20	24
1161	2014-02-04	11	16	17	19	22
1162	2014-02-06	13	16	18	23	24
1163	2014-02-08	19	20	23	28	29
1164	2014-02-10	10	14	18	21	24
1165	2014-02-12	19	22	25	30	33
1166	2014-02-14	3	4	8	9	11
1167	2014-02-16	15	16	21	23	26
1168	2014-02-18	3	4	7	12	17
1169	2014-02-20	5	8	9	13	17
1170	2014-02-22	14	19	20	25	27
1171	2014-02-24	1	6	11	12	13
1172	2014-02-26	19	20	25	27	31
1173	2014-02-28	14	18	21	24	25
1174	2014-03-02	4	6	7	10	11
1175	2014-03-04	6	7	8	13	17
1176	2014-03-06	17	18	21	23	28
1177	2014-03-08	17	20	21	23	26
1178	2014-03-10	16	19	21	22	27
1179	2014-03-12	17	20	24	26	30
1180	2014-03-14	6	9	12	14	19
1181	2014-03-16	10	13	17	20	21
1182	2014-03-18	6	9	14	18	21
1183	2014-03-20	17	22	26	28	30
1184	2014-03-22	11	13	15	19	21
1185	2014-03-24	16	17	18	22	27
1186	2014-03-26	9	12	14	16	21
1187	2014-03-28	3	6	7	9	13
1188	2014-03-30	17	18	19	24	25
1189	2014-04-01	4	7	9	12	17
1190	2014-04-03	6	10	14	18	23
1191	2014-04-05	17	21	25	30	33
1192	2014-04-07	11	13	16	21	22
1193	2014-04-09	3	7	8	13	14
1194	2014-04-11	18	22	25	27	28
1195	2014-04-13	16	17	20	21	24
1196	2014-04-15	5	9	13	14	18
1197	2014-04-17	12	14	19	21	26
1198	2014-04-19	1	5	6	11	13
1199	2014-04-21	20	22	25	29	33
1200	2014-04-23	14	15	18	22	23
1201	2014-04-25	3	5	8	9	11
1202	2014-04-27	6	11	16	20	23
1203	2014-04-29	3	7	11	14	19
1204	2014-05-01	20	25	28	31	34
1205	2014-05-03	4	6	7	8	11
1206	2014-05-05	11	15	16	19	21
1207	2014-05-07	8	10	15	20	23
1208	2014-05-09	4	9	13	16	21
1209	2014-05-11	14	17	20	21	26
1210	2014-05-13	19	22	23	25	26
1211	2014-05-15	17	20	25	28	31
1212	2014-05-17	18	23	27	29	30
1213	2014-05-19	9	13	18	23	25
1214	2014-05-21	15	16	19	21	26
1215	2014-05-23	10	13	17	18	22
1216	2014-05-25	17	19	23	28	33
1217	2014-05-27	10	15	16	17	19
1218	2014-05-29	1	3	5	7	11
1219	2014-05-31	12	15	18	19	22
1220	2014-06-02	1	6	9	11	15
1221	2014-06-04	10	15	16	20	22
1222	2014-06-06	7	11	12	16	18
1223	2014-06-08	8	10	11	12	14
1224	2014-06-10	4	9	10	13	17
1225	2014-06-12	5	10	12	16	21
1226	2014-06-14	12	16	17	20	23
1227	2014-06-16	19	23	26	27	28
1228	2014-06-18	2	6	8	9	10
1229	2014-06-20	4	9	11	15	17
1230	2014-06-22	3	6	11	12	16
1231	2014-06-24	16	20	23	25	28
1232	2014-06-26	11	13	15	17	20
1233	2014-06-28	12	15	16	20	23
1234	2014-06-30	1	2	6	10	14
1235	2014-07-02	8	11	15	20	21
1236	2014-07-04	20	25	30	32	33
1237	2014-07-06	8	13	16	21	26
1238	2014-07-08	5	8	10	15	16
1239	2014-07-10	20	25	30	35	40
1240	2014-07-12	19	23	26	28	30
1241	2014-07-14	10	11	14	19	23
1242	2014-07-16	4	6	7	9	11
1243	2014-07-18	8	11	12	17	18
1244	2014-07-20	4	9	11	14	15
1245	2014-07-22	19	24	26	29	33
1246	2014-07-24	10	11	12	16	18
1247	2014-07-26	8	10	12	13	14
1248	2014-07-28	1	6	10	15	16
1249	2014-07-30	2	7	8	11	16
1250	2014-08-01	14	18	23	28	31
1251	2014-08-03	18	19	23	28	32
1252	2014-08-05	6	7	10	12	15
1253	2014-08-07	8	12	13	16	21
1254	2014-08-09	8	9	10	12	16
1255	2014-08-11	4	7	12	15	16
1256	2014-08-13	20	24	29	32	33
1257	2014-08-15	1	6	9	13	17
1258	2014-08-17	16	17	20	25	29
1259	2014-08-19	14	15	20	21	23
1260	2014-08-21	2	4	9	11	15
1261	2014-08-23	10	13	17	21	25
1262	2014-08-25	16	18	23	24	27
1263	2014-08-27	4	6	8	13	14
1264	2014-08-29	20	23	27	29	33
1265	2014-08-31	4	8	13	14	17
1266	2014-09-02	17	21	22	27	29
1267	2014-09-04	12	13	18	23	24
1268	2014-09-06	19	24	29	31	33
1269	2014-09-08	14	17	22	23	27
1270	2014-09-10	16	21	23	25	28
1271	2014-09-12	6	7	8	13	16
1272	2014-09-14	18	20	24	27	31
1273	2014-09-16	10	14	17	22	23
1274	2014-09-18	17	21	26	30	31
1275	2014-09-20	17	18	19	22	23
1276	2014-09-22	9	11	13	14	16
1277	2014-09-24	6	10	11	13	16
1278	2014-09-26	11	13	15	16	17
1279	2014-09-28	15	16	17	20	21
1280	2014-09-30	10	12	13	15	16
1281	2014-10-02	20	24	29	32	33
1282	2014-10-04	19	20	21	24	25
1283	2014-10-06	5	7	8	11	13
1284	2014-10-08	11	16	19	22	26
1285	2014-10-10	2	5	10	14	16
1286	2014-10-12	14	16	19	24	26
1287	2014-10-14	8	13	14	17	22
1288	2014-10-16	6	9	10	13	17
1289	2014-10-18	2	3	4	6	10
1290	2014-10-20	13	18	22	23	24
1291	2014-10-22	9	12	17	18	23
1292	2014-10-24	2	4	6	8	10
1293	2014-10-26	2	6	7	10	12
1294	2014-10-28	6	11	13	15	20
1295	2014-10-30	12	16	19	21	23
1296	2014-11-01	9	14	17	20	25
1297	2014-11-03	13	15	19	21	23
1298	2014-11-05	6	9	10	11	16
1299	2014-11-07	7	10	11	15	17
1300	2014-11-09	11	15	20	22	24
1301	2014-11-11	10	14	16	20	21
1302	2014-11-13	16	20	25	29	32
1303	2014-11-15	14	18	19	24	28
1304	2014-11-17	2	7	12	13	16
1305	2014-11-19	9	10	12	17	21
1306	2014-11-21	14	15	18	23	25
1307	2014-11-23	13	17	18	23	25
1308	2014-11-25	20	23	25	27	31
1309	2014-11-27	15	17	19	21	22
1310	2014-11-29	6	11	16	21	23
1311	2014-12-01	8	10	11	14	19
1312	2014-12-03	11	16	21	25	27
1313	2014-12-05	4	9	11	13	17
1314	2014-12-07	16	17	22	26	29
1315	2014-12-09	11	16	20	21	26
1316	2014-12-11	18	21	25	29	30
1317	2014-12-13	8	11	14	16	21
1318	2014-12-15	17	18	21	25	29
1319	2014-12-17	9	13	16	21	26
1320	2014-12-19	13	15	17	22	23
1321	2014-12-21	8	13	18	21	22
1322	2014-12-23	10	13	18	19	20
1323	2014-12-25	17	22	26	31	36
1324	2014-12-27	1	4	5	7	12
1325	2014-12-29	15	16	21	25	30
1326	2014-12-31	1	6	10	14	18
1327	2015-01-02	5	9	13	15	17
1328	2015-01-04	5	7	8	13	16
1329	2015-01-06	5	9	10	11	13
1330	2015-01-08	18	23	24	29	34
1331	2015-01-10	12	15	19	22	27
1332	2015-01-12	14	16	20	25	27
1333	2015-01-14	12	16	19	23	28
1334	2015-01-16	2	6	9	14	18
1335	2015-01-18	9	11	14	17	20
1336	2015-01-20	17	21	25	28	30
1337	2015-01-22	11	16	21	25	30
1338	2015-01-24	13	15	17	18	22
1339	2015-01-26	18	23	26	31	35
1340	2015-01-28	3	8	10	15	19
1341	2015-01-30	11	12	14	18	21
1342	2015-02-01	10	11	13	18	21
1343	2015-02-03	11	16	17	22	26
1344	2015-02-05	17	21	22	24	25
1345	2015-02-07	2	4	5	8	13
1346	2015-02-09	16	20	22	27	28
1347	2015-02-11	11	12	17	20	23
1348	2015-02-13	10	14	17	22	23
1349	2015-02-15	2	4	8	12	13
1350	2015-02-17	18	21	22	27	31
1351	2015-02-19	11	16	19	20	22
1352	2015-02-21	5	9	13	17	19
1353	2015-02-23	15	20	21	22	25
1354	2015-02-25	15	16	18	23	25
1355	2015-02-27	5	10	13	16	21
1356	2015-03-01	15	20	25	29	34
1357	2015-03-03	14	15	17	20	23
1358	2015-03-05	10	13	15	20	22
1359	2015-03-07	9	10	11	13	14
1360	2015-03-09	11	14	18	22	27
1361	2015-03-11	12	15	18	20	24
1362	2015-03-13	9	10	12	16	19
1363	2015-03-15	10	13	16	19	21
1364	2015-03-17	7	11	15	19	20
1365	2015-03-19	11	15	16	19	22
1366	2015-03-21	13	14	18	22	23
1367	2015-03-23	6	8	11	15	19
1368	2015-03-25	3	4	7	10	13
1369	2015-03-27	6	11	15	17	18
1370	2015-03-29	4	6	10	15	19
1371	2015-03-31	14	18	23	24	28
1372	2015-04-02	13	16	21	22	26
1373	2015-04-04	14	19	23	25	26
1374	2015-04-06	2	6	7	8	9
1375	2015-04-08	8	10	15	17	22
1376	2015-04-10	19	20	24	25	28
1377	2015-04-12	13	14	15	18	22
1378	2015-04-14	2	7	9	14	15
1379	2015-04-16	10	11	13	14	19
1380	2015-04-18	13	15	20	23	26
1381	2015-04-20	17	22	25	28	32
1382	2015-04-22	1	2	7	12	16
1383	2015-04-24	19	22	23	24	26
1384	2015-04-26	5	7	9	12	17
1385	2015-04-28	1	3	8	10	11
1386	2015-04-30	14	15	20	23	27
1387	2015-05-02	13	15	18	20	21
1388	2015-05-04	5	7	9	12	16
1389	2015-05-06	14	15	20	25	28
1390	2015-05-08	5	6	9	12	14
1391	2015-05-10	4	6	9	10	14
1392	2015-05-12	11	12	13	15	17
1393	2015-05-14	14	19	21	26	30
1394	2015-05-16	5	10	14	15	18
1395	2015-05-18	9	10	11	15	20
1396	2015-05-20	14	15	18	21	24
1397	2015-05-22	15	20	23	26	30
1398	2015-05-24	10	12	13	16	20
1399	2015-05-26	17	20	21	26	31
1400	2015-05-28	3	5	6	9	12
1401	2015-05-30	6	7	8	11	16
1402	2015-06-01	18	22	23	26	30
1403	2015-06-03	17	21	25	26	30
1404	2015-06-05	17	21	25	29	30
1405	2015-06-07	17	22	23	26	28
1406	2015-06-09	4	5	8	10	14
1407	2015-06-11	10	13	16	19	23
1408	2015-06-13	11	13	15	20	21
1409	2015-06-15	4	9	11	16	21
1410	2015-06-17	15	17	20	23	28
1411	2015-06-19	7	12	15	18	21
1412	2015-06-21	7	8	10	15	18
1413	2015-06-23	6	7	8	10	15
1414	2015-06-25	8	10	11	16	20
1415	2015-06-27	12	13	18	22	23
1416	2015-06-29	7	12	14	18	21
1417	2015-07-01	4	5	10	12	14
1418	2015-07-03	17	22	25	29	32
1419	2015-07-05	17	22	23	24	27
1420	2015-07-07	15	16	21	22	25
1421	2015-07-09	16	20	24	27	32
1422	2015-07-11	7	10	14	19	23
1423	2015-07-13	9	11	16	20	22
1424	2015-07-15	12	14	19	24	29
1425	2015-07-17	1	3	6	10	14
1426	2015-07-19	9	10	11	16	18
1427	2015-07-21	3	5	8	11	15
1428	2015-07-23	10	13	18	23	26
1429	2015-07-25	7	10	13	16	21
1430	2015-07-27	2	7	9	12	16
1431	2015-07-29	12	17	18	20	24
1432	2015-07-31	4	6	10	15	20
1433	2015-08-02	11	12	17	19	24
1434	2015-08-04	11	15	18	21	22
1435	2015-08-06	17	18	21	26	29
1436	2015-08-08	11	14	19	24	27
1437	2015-08-10	18	21	23	27	32
1438	2015-08-12	18	19	23	27	32
1439	2015-08-14	5	10	15	16	21
1440	2015-08-16	17	21	22	26	31
1441	2015-08-18	1	5	9	12	14
1442	2015-08-20	2	5	8	9	10
1443	2015-08-22	8	12	15	20	25
1444	2015-08-24	10	11	13	17	21
1445	2015-08-26	6	7	8	12	15
1446	2015-08-28	17	19	22	25	29
1447	2015-08-30	11	14	17	22	24
1448	2015-09-01	8	9	14	16	19
1449	2015-09-03	7	10	12	17	22
1450	2015-09-05	6	8	11	15	17
1451	2015-09-07	15	17	21	24	27
1452	2015-09-09	10	15	20	21	22
1453	2015-09-11	13	15	20	25	29
1454	2015-09-13	9	14	16	19	24
1455	2015-09-15	1	2	5	6	8
1456	2015-09-17	9	11	15	17	18
1457	2015-09-19	18	23	25	28	33
1458	2015-09-21	3	5	8	11	15
1459	2015-09-23	15	19	22	27	29
1460	2015-09-25	19	20	22	24	29
1461	2015-09-27	1	4	8	9	11
1462	2015-09-29	7	8	11	16	21
1463	2015-10-01	18	21	25	26	28
1464	2015-10-03	3	4	6	10	12
1465	2015-10-05	18	23	26	27	32
1466	2015-10-07	17	18	20	21	23
1467	2015-10-09	17	22	27	30	35
1468	2015-10-11	8	12	16	17	18
1469	2015-10-13	11	15	20	21	25
1470	2015-10-15	16	21	25	30	35
1471	2015-10-17	18	21	23	26	27
1472	2015-10-19	4	9	10	12	17
1473	2015-10-21	12	14	15	19	23
1474	2015-10-23	9	10	11	12	17
1475	2015-10-25	19	23	28	32	34
1476	2015-10-27	20	24	29	33	38
1477	2015-10-29	11	15	17	22	25
1478	2015-10-31	18	23	25	27	31
1479	2015-11-02	10	13	14	15	20
1480	2015-11-04	9	13	18	21	24
1481	2015-11-06	16	20	22	23	24
1482	2015-11-08	5	10	14	16	18
1483	2015-11-10	5	7	12	13	18
1484	2015-11-12	6	11	13	15	17
1485	2015-11-14	12	17	19	20	23
1486	2015-11-16	6	8	9	14	16
1487	2015-11-18	7	10	12	17	20
1488	2015-11-20	4	8	12	13	15
1489	2015-11-22	18	21	24	26	30
1490	2015-11-24	12	13	16	21	23
1491	2015-11-26	8	12	17	19	24
1492	2015-11-28	15	19	20	25	29
1493	2015-11-30	5	8	9	13	15
1494	2015-12-02	12	16	19	23	24
1495	2015-12-04	12	13	15	18	22
1496	2015-12-06	6	10	11	13	17
1497	2015-12-08	3	5	10	11	16
1498	2015-12-10	1	2	6	9	14
1499	2015-12-12	7	10	13	17	19
1500	2015-12-14	20	21	23	24	29
1501	2015-12-16	12	13	15	20	24
1502	2015-12-18	19	23	26	31	32
1503	2015-12-20	2	6	7	11	12
1504	2015-12-22	7	12	13	16	21
1505	2015-12-24	16	17	22	24	25
1506	2015-12-26	3	8	12	17	22
1507	2015-12-28	4	7	11	12	16
1508	2015-12-30	13	16	18	23	26
1509	2016-01-01	16	21	24	27	30
1510	2016-01-03	7	8	10	13	18
1511	2016-01-05	16	18	19	20	22
1512	2016-01-07	2	4	7	11	12
1513	2016-01-09	20	22	24	29	34
1514	2016-01-11	8	9	13	14	16
1515	2016-01-13	9	10	15	20	24
1516	2016-01-15	19	21	25	26	29
1517	2016-01-17	15	18	20	25	26
1518	2016-01-19	18	19	21	25	27
1519	2016-01-21	17	20	21	26	28
1520	2016-01-23	16	19	22	23	28
1521	2016-01-25	15	17	22	23	25
1522	2016-01-27	1	5	6	8	10
1523	2016-01-29	15	20	22	26	30
1524	2016-01-31	6	11	15	18	21
1525	2016-02-02	20	25	30	31	33
1526	2016-02-04	10	14	16	17	18
1527	2016-02-06	15	19	20	25	26
1528	2016-02-08	2	3	7	8	9
1529	2016-02-10	14	18	20	23	28
1530	2016-02-12	16	18	23	27	29
1531	2016-02-14	6	8	12	17	18
1532	2016-02-16	6	9	13	17	22
1533	2016-02-18	1	4	8	13	14
1534	2016-02-20	9	12	13	15	20
1535	2016-02-22	10	12	16	20	24
1536	2016-02-24	8	9	12	14	17
1537	2016-02-26	19	20	25	27	31
1538	2016-02-28	5	7	12	13	16
1539	2016-03-01	5	10	13	15	16
1540	2016-03-03	11	16	20	22	26
1541	2016-03-05	17	18	23	26	29
1542	2016-03-07	15	16	17	20	22
1543	2016-03-09	5	8	9	12	14
1544	2016-03-11	2	3	8	12	16
1545	2016-03-13	12	13	16	17	19
1546	2016-03-15	4	9	14	19	22
1547	2016-03-17	1	5	9	13	18
1548	2016-03-19	12	16	21	23	24
1549	2016-03-21	19	24	29	33	38
1550	2016-03-23	8	13	14	19	20
1551	2016-03-25	6	10	15	17	19
1552	2016-03-27	19	24	25	29	31
1553	2016-03-29	20	23	28	30	32
1554	2016-03-31	7	10	13	15	16
1555	2016-04-02	11	14	19	21	22
1556	2016-04-04	16	20	22	24	28
1557	2016-04-06	13	17	20	21	23
1558	2016-04-08	5	8	12	14	17
1559	2016-04-10	13	14	17	21	26
1560	2016-04-12	7	9	12	13	18
1561	2016-04-14	6	9	12	13	16
1562	2016-04-16	7	11	12	13	15
1563	2016-04-18	14	17	19	24	28
1564	2016-04-20	15	16	19	22	26
1565	2016-04-22	6	10	12	13	16
1566	2016-04-24	4	9	11	16	19
1567	2016-04-26	11	16	17	18	21
1568	2016-04-28	3	4	6	7	12
1569	2016-04-30	3	6	10	15	16
1570	2016-05-02	5	10	13	15	18
1571	2016-05-04	13	18	20	22	23
1572	2016-05-06	17	18	23	28	29
1573	2016-05-08	11	12	16	17	21
1574	2016-05-10	7	12	14	16	18
1575	2016-05-12	18	22	26	28	31
1576	2016-05-14	7	11	13	14	16
1577	2016-05-16	11	15	19	22	24
1578	2016-05-18	13	16	17	20	23
1579	2016-05-20	10	13	14	18	22
1580	2016-05-22	12	14	19	23	25
1581	2016-05-24	17	21	23	28	30
1582	2016-05-26	17	19	22	27	28
1583	2016-05-28	14	15	16	18	22
1584	2016-05-30	11	14	15	17	18
1585	2016-06-01	7	10	15	18	21
1586	2016-06-03	8	11	12	13	14
1587	2016-06-05	16	20	24	27	28
1588	2016-06-07	3	7	10	11	13
1589	2016-06-09	1	5	9	10	12
1590	2016-06-11	20	23	25	28	32
1591	2016-06-13	4	9	13	16	19
1592	2016-06-15	15	19	21	24	26
1593	2016-06-17	11	14	16	20	24
1594	2016-06-19	13	16	18	23	28
1595	2016-06-21	11	15	17	19	24
1596	2016-06-23	16	17	20	23	25
1597	2016-06-25	14	18	22	27	32
1598	2016-06-27	9	11	13	17	22
1599	2016-06-29	3	8	11	13	14
1600	2016-07-01	12	16	19	22	27
1601	2016-07-03	14	16	20	21	22
1602	2016-07-05	3	6	7	11	12
1603	2016-07-07	2	7	9	14	15
1604	2016-07-09	15	20	24	25	26
1605	2016-07-11	11	16	18	21	22
1606	2016-07-13	5	7	10	13	15
1607	2016-07-15	4	9	14	18	19
1608	2016-07-17	5	8	12	14	16
1609	2016-07-19	11	12	16	20	21
1610	2016-07-21	9	10	13	16	19
1611	2016-07-23	1	6	11	15	16
1612	2016-07-25	11	15	17	18	22
1613	2016-07-27	4	9	10	11	14
1614	2016-07-29	16	17	20	23	27
1615	2016-07-31	12	15	20	21	23
1616	2016-08-02	8	11	12	17	19
1617	2016-08-04	8	12	16	21	24
1618	2016-08-06	5	10	13	18	23
1619	2016-08-08	6	9	10	15	20
1620	2016-08-10	4	6	8	12	14
1621	2016-08-12	20	24	27	28	32
1622	2016-08-14	1	6	11	14	18
1623	2016-08-16	18	21	24	28	30
1624	2016-08-18	12	14	15	17	22
1625	2016-08-20	5	8	9	14	17
1626	2016-08-22	1	4	8	12	15
1627	2016-08-24	6	11	15	17	19
1628	2016-08-26	1	2	6	9	10
1629	2016-08-28	2	4	9	12	14
1630	2016-08-30	13	17	19	20	23
1631	2016-09-01	1	5	9	13	17
1632	2016-09-03	12	16	18	20	24
1633	2016-09-05	20	23	28	31	32
1634	2016-09-07	13	17	19	24	25
1635	2016-09-09	14	16	17	18	20
1636	2016-09-11	15	17	20	22	25
1637	2016-09-13	6	9	11	16	21
1638	2016-09-15	2	7	12	16	17
1639	2016-09-17	17	22	24	29	34
1640	2016-09-19	14	18	22	27	31
1641	2016-09-21	11	13	17	21	25
1642	2016-09-23	19	23	25	26	28
1643	2016-09-25	5	6	9	12	14
1644	2016-09-27	6	8	13	18	22
1645	2016-09-29	13	18	21	24	29
1646	2016-10-01	7	9	10	15	19
1647	2016-10-03	4	9	11	14	19
1648	2016-10-05	2	4	8	11	14
1649	2016-10-07	5	6	11	14	15
1650	2016-10-09	17	22	26	28	32
1651	2016-10-11	11	16	19	24	28
1652	2016-10-13	1	6	9	10	12
1653	2016-10-15	6	9	10	11	16
1654	2016-10-17	16	18	19	20	21
1655	2016-10-19	7	12	14	15	20
1656	2016-10-21	8	11	14	15	16
1657	2016-10-23	8	10	12	13	17
1658	2016-10-25	12	17	22	24	28
1659	2016-10-27	5	6	9	14	17
1660	2016-10-29	13	15	20	25	28
1661	2016-10-31	18	23	26	28	31
1662	2016-11-02	1	6	7	12	16
1663	2016-11-04	18	22	23	25	26
1664	2016-11-06	11	13	18	23	28
1665	2016-11-08	12	15	16	19	20
1666	2016-11-10	12	14	16	20	24
1667	2016-11-12	9	10	13	14	17
1668	2016-11-14	9	11	16	21	25
1669	2016-11-16	14	16	19	24	29
1670	2016-11-18	10	12	13	18	21
1671	2016-11-20	11	14	15	20	24
1672	2016-11-22	15	20	24	26	31
1673	2016-11-24	8	9	12	17	20
1674	2016-11-26	1	2	4	6	10
1675	2016-11-28	8	9	11	14	19
1676	2016-11-30	14	19	21	26	31
1677	2016-12-02	5	6	7	11	15
1678	2016-12-04	6	9	14	15	19
1679	2016-12-06	5	7	8	12	13
1680	2016-12-08	6	7	12	14	19
1681	2016-12-10	9	10	11	12	17
1682	2016-12-12	14	15	18	21	22
1683	2016-12-14	13	18	20	25	29
1684	2016-12-16	7	12	17	19	24
1685	2016-12-18	19	23	28	30	32
1686	2016-12-20	3	4	7	11	14
1687	2016-12-22	9	10	12	15	17
1688	2016-12-24	10	14	16	21	22
1689	2016-12-26	15	18	23	24	27
1690	2016-12-28	4	7	10	13	16
1691	2016-12-30	17	18	19	20	23
1692	2017-01-01	12	15	16	18	21
1693	2017-01-03	8	11	14	17	22
1694	2017-01-05	15	16	20	21	25
1695	2017-01-07	5	6	10	11	13
1696	2017-01-09	1	2	3	5	10
1697	2017-01-11	5	9	13	17	18
1698	2017-01-13	10	14	17	21	24
1699	2017-01-15	5	8	10	11	12
1700	2017-01-17	4	6	9	11	16
1701	2017-01-19	13	16	19	23	27
1702	2017-01-21	1	4	7	10	14
1703	2017-01-23	7	9	10	15	16
1704	2017-01-25	9	12	15	20	23
1705	2017-01-27	13	18	19	20	23
1706	2017-01-29	14	19	20	21	24
1707	2017-01-31	10	13	18	19	22
1708	2017-02-02	15	17	21	25	28
1709	2017-02-04	10	14	16	21	26
1710	2017-02-06	5	6	9	12	16
1711	2017-02-08	7	9	10	12	15
1712	2017-02-10	9	13	18	20	25
1713	2017-02-12	10	15	17	20	25
1714	2017-02-14	14	19	23	26	27
1715	2017-02-16	13	16	20	22	25
1716	2017-02-18	10	12	14	15	19
1717	2017-02-20	1	5	9	14	18
1718	2017-02-22	11	12	13	14	15
1719	2017-02-24	8	12	15	17	20
1720	2017-02-26	20	22	27	30	31
1721	2017-02-28	1	3	5	8	11
1722	2017-03-02	8	13	17	20	25
1723	2017-03-04	5	9	14	15	20
1724	2017-03-06	11	13	15	18	19
1725	2017-03-08	13	15	16	20	21
1726	2017-03-10	15	16	19	22	26
1727	2017-03-12	13	15	19	20	25
1728	2017-03-14	18	21	23	27	31
1729	2017-03-16	13	17	21	25	30
1730	2017-03-18	12	14	19	20	24
1731	2017-03-20	10	14	19	21	26
1732	2017-03-22	7	8	11	16	17
1733	2017-03-24	5	6	8	13	15
1734	2017-03-26	9	10	14	15	16
1735	2017-03-28	3	5	9	13	17
1736	2017-03-30	1	2	7	10	15
1737	2017-04-01	6	8	11	12	17
1738	2017-04-03	17	22	27	32	33
1739	2017-04-05	10	12	16	21	24
1740	2017-04-07	14	15	19	20	21
1741	2017-04-09	3	8	12	14	15
1742	2017-04-11	19	20	23	24	26
1743	2017-04-13	1	5	8	9	13
1744	2017-04-15	18	23	25	26	30
1745	2017-04-17	3	6	11	14	16
1746	2017-04-19	19	21	25	28	30
1747	2017-04-21	15	17	21	24	29
1748	2017-04-23	19	24	25	29	34
1749	2017-04-25	14	15	16	20	24
1750	2017-04-27	15	18	23	27	31
1751	2017-04-29	14	18	19	22	26
1752	2017-05-01	17	20	22	27	31
1753	2017-05-03	16	18	19	24	26
1754	2017-05-05	10	12	17	22	26
1755	2017-05-07	2	4	5	6	9
1756	2017-05-09	13	16	20	22	26
1757	2017-05-11	6	8	12	17	20
1758	2017-05-13	9	13	18	20	24
1759	2017-05-15	1	5	9	14	18
1760	2017-05-17	20	25	29	31	36
1761	2017-05-19	5	6	9	10	15
1762	2017-05-21	2	4	8	13	18
1763	2017-05-23	6	8	9	10	11
1764	2017-05-25	14	17	18	23	27
1765	2017-05-27	15	17	19	22	23
1766	2017-05-29	14	15	17	18	19
1767	2017-05-31	7	12	14	15	16
1768	2017-06-02	19	21	22	25	29
1769	2017-06-04	15	16	18	23	25
1770	2017-06-06	11	15	17	19	20
1771	2017-06-08	12	13	14	16	18
1772	2017-06-10	8	12	15	16	21
1773	2017-06-12	6	9	11	12	17
1774	2017-06-14	13	14	19	21	24
1775	2017-06-16	10	15	19	23	27
1776	2017-06-18	10	15	16	18	20
1777	2017-06-20	1	6	10	12	17
1778	2017-06-22	7	12	13	18	23
1779	2017-06-24	3	6	8	10	12
1780	2017-06-26	6	10	14	17	22
1781	2017-06-28	5	10	12	16	21
1782	2017-06-30	12	15	18	19	21
1783	2017-07-02	15	19	24	25	28
1784	2017-07-04	20	22	24	27	28
1785	2017-07-06	15	19	21	26	29
1786	2017-07-08	13	16	17	21	26
1787	2017-07-10	16	21	24	25	30
1788	2017-07-12	11	15	20	24	25
1789	2017-07-14	19	20	25	30	35
1790	2017-07-16	7	11	12	16	18
1791	2017-07-18	20	21	24	29	32
1792	2017-07-20	14	18	22	25	27
1793	2017-07-22	1	5	9	12	15
1794	2017-07-24	17	21	23	25	29
1795	2017-07-26	7	12	14	16	20
1796	2017-07-28	13	16	18	21	26
1797	2017-07-30	15	20	22	27	32
1798	2017-08-01	12	16	17	19	22
1799	2017-08-03	12	16	21	24	26
1800	2017-08-05	13	17	21	23	24
1801	2017-08-07	20	25	28	30	32
1802	2017-08-09	12	13	15	18	19
1803	2017-08-11	9	14	16	17	19
1804	2017-08-13	17	18	20	24	26
1805	2017-08-15	4	7	10	12	13
1806	2017-08-17	3	6	9	11	15
1807	2017-08-19	10	13	18	19	24
1808	2017-08-21	2	5	9	11	14
1809	2017-08-23	1	2	3	7	8
1810	2017-08-25	7	8	12	13	15
1811	2017-08-27	15	18	21	22	26
1812	2017-08-29	3	7	10	11	12
1813	2017-08-31	17	22	26	28	30
1814	2017-09-02	19	21	26	31	35
1815	2017-09-04	9	12	17	19	20
1816	2017-09-06	12	14	15	19	24
1817	2017-09-08	5	10	13	15	20
1818	2017-09-10	9	10	11	15	20
1819	2017-09-12	18	20	21	24	27
1820	2017-09-14	16	17	19	23	26
1821	2017-09-16	4	7	12	17	21
1822	2017-09-18	2	7	12	15	17
1823	2017-09-20	18	20	24	27	32
1824	2017-09-22	2	6	7	12	16
1825	2017-09-24	6	9	11	15	16
1826	2017-09-26	18	21	26	28	32
1827	2017-09-28	17	21	23	24	27
1828	2017-09-30	18	22	27	28	30
1829	2017-10-02	4	8	12	16	21
1830	2017-10-04	20	23	25	29	30
1831	2017-10-06	6	10	12	16	18
1832	2017-10-08	8	11	14	17	18
1833	2017-10-10	15	16	21	26	28
1834	2017-10-12	20	22	25	30	31
1835	2017-10-14	7	11	13	16	17
1836	2017-10-16	18	20	25	26	27
1837	2017-10-18	18	20	25	30	31
1838	2017-10-20	13	16	21	23	28
1839	2017-10-22	6	11	14	15	19
1840	2017-10-24	16	19	22	25	28
1841	2017-10-26	14	16	17	21	24
1842	2017-10-28	17	19	20	25	28
1843	2017-10-30	15	17	19	22	24
1844	2017-11-01	1	3	6	9	12
1845	2017-11-03	9	11	12	13	17
1846	2017-11-05	16	18	23	25	27
1847	2017-11-07	2	7	8	10	13
1848	2017-11-09	7	8	9	10	11
1849	2017-11-11	12	14	19	24	28
1850	2017-11-13	8	9	11	12	13
1851	2017-11-15	6	11	16	21	26
1852	2017-11-17	5	6	11	13	16
1853	2017-11-19	10	12	15	20	23
1854	2017-11-21	1	2	4	8	10
1855	2017-11-23	15	18	22	23	25
1856	2017-11-25	5	7	8	9	11
1857	2017-11-27	16	17	22	25	30
1858	2017-11-29	4	6	11	12	16
1859	2017-12-01	14	16	18	22	25
1860	2017-12-03	3	8	9	10	12
1861	2017-12-05	2	3	8	12	17
1862	2017-12-07	10	12	16	21	23
1863	2017-12-09	1	4	8	12	16
1864	2017-12-11	4	9	13	16	19
1865	2017-12-13	8	11	16	18	20
1866	2017-12-15	18	20	22	26	29
1867	2017-12-17	11	12	16	19	22
1868	2017-12-19	12	14	17	20	24
1869	2017-12-21	4	6	10	11	15
1870	2017-12-23	12	14	19	21	22
1871	2017-12-25	14	19	20	22	27
1872	2017-12-27	2	4	6	10	12
1873	2017-12-29	7	10	15	16	21
1874	2017-12-31	20	25	30	32	33
1875	2018-01-02	13	14	15	18	22
1876	2018-01-04	12	14	16	18	20
1877	2018-01-06	4	7	10	13	17
1878	2018-01-08	11	12	14	19	20
1879	2018-01-10	14	18	20	22	27
1880	2018-01-12	1	6	8	13	14
1881	2018-01-14	16	17	19	23	25
1882	2018-01-16	9	14	17	20	23
1883	2018-01-18	4	8	12	16	17
1884	2018-01-20	6	8	12	17	18
1885	2018-01-22	5	9	10	13	15
1886	2018-01-24	6	7	8	9	11
1887	2018-01-26	20	23	24	28	30
1888	2018-01-28	20	22	27	29	34
1889	2018-01-30	19	23	24	27	28
1890	2018-02-01	10	12	15	18	23
1891	2018-02-03	1	3	8	10	13
1892	2018-02-05	7	12	15	19	23
1893	2018-02-07	4	5	7	10	11
1894	2018-02-09	16	18	20	24	29
1895	2018-02-11	16	21	22	24	28
1896	2018-02-13	12	13	17	21	26
1897	2018-02-15	3	5	8	10	12
1898	2018-02-17	10	11	13	16	17
1899	2018-02-19	2	3	8	10	14
1900	2018-02-21	18	19	20	23	26
1901	2018-02-23	13	18	20	22	27
1902	2018-02-25	3	7	10	11	12
1903	2018-02-27	5	6	11	16	19
1904	2018-03-01	20	21	25	27	30
1905	2018-03-03	20	23	24	28	30
1906	2018-03-05	16	20	22	25	27
1907	2018-03-07	8	11	14	16	20
1908	2018-03-09	6	11	14	16	18
1909	2018-03-11	13	16	19	24	26
1910	2018-03-13	6	9	12	16	21
1911	2018-03-15	20	22	25	26	29
1912	2018-03-17	15	17	21	26	27
1913	2018-03-19	15	19	20	21	26
1914	2018-03-21	20	23	24	26	28
1915	2018-03-23	11	12	14	19	21
1916	2018-03-25	14	19	22	27	29
1917	2018-03-27	19	20	25	28	30
1918	2018-03-29	8	11	12	14	15
1919	2018-03-31	6	9	12	16	19
1920	2018-04-02	17	18	21	26	28
1921	2018-04-04	5	6	11	14	19
1922	2018-04-06	15	19	23	28	31
1923	2018-04-08	2	7	11	14	17
1924	2018-04-10	15	18	19	21	26
1925	2018-04-12	1	4	7	10	15
1926	2018-04-14	18	20	22	25	27
1927	2018-04-16	19	21	25	28	30
1928	2018-04-18	16	21	25	27	32
1929	2018-04-20	19	23	26	31	36
1930	2018-04-22	2	5	9	11	15
1931	2018-04-24	9	10	15	20	23
1932	2018-04-26	20	21	23	24	27
1933	2018-04-28	15	17	19	20	25
1934	2018-04-30	8	13	17	20	21
1935	2018-05-02	15	17	19	20	22
1936	2018-05-04	6	10	13	14	16
1937	2018-05-06	16	18	22	26	30
1938	2018-05-08	1	6	10	15	20
1939	2018-05-10	5	10	12	14	15
1940	2018-05-12	10	12	17	19	23
1941	2018-05-14	14	15	20	24	25
1942	2018-05-16	8	11	15	19	23
1943	2018-05-18	15	17	18	21	26
1944	2018-05-20	16	18	19	22	25
1945	2018-05-22	2	7	12	14	17
1946	2018-05-24	15	19	22	23	24
1947	2018-05-26	7	10	13	14	19
1948	2018-05-28	10	12	17	18	23
1949	2018-05-30	20	21	23	27	32
1950	2018-06-01	14	16	19	23	24
1951	2018-06-03	8	12	17	18	21
1952	2018-06-05	14	15	17	21	22
1953	2018-06-07	2	4	8	12	13
1954	2018-06-09	8	12	15	18	23
1955	2018-06-11	2	4	5	7	9
1956	2018-06-13	20	25	27	32	36
1957	2018-06-15	3	4	8	10	14
1958	2018-06-17	5	8	12	13	15
1959	2018-06-19	14	17	20	25	30
1960	2018-06-21	15	19	21	26	29
1961	2018-06-23	14	15	18	21	25
1962	2018-06-25	16	17	22	24	28
1963	2018-06-27	14	18	22	24	27
1964	2018-06-29	2	3	4	5	7
1965	2018-07-01	17	20	23	28	33
1966	2018-07-03	15	16	17	20	23
1967	2018-07-05	6	10	11	13	15
1968	2018-07-07	2	5	6	10	14
1969	2018-07-09	13	17	21	25	30
1970	2018-07-11	5	9	14	15	18
1971	2018-07-13	20	24	27	30	34
1972	2018-07-15	13	14	15	20	22
1973	2018-07-17	2	4	6	7	12
1974	2018-07-19	15	17	18	22	26
1975	2018-07-21	10	11	14	19	21
1976	2018-07-23	7	12	13	16	17
1977	2018-07-25	2	4	9	14	18
1978	2018-07-27	4	5	8	13	17
1979	2018-07-29	8	13	18	22	26
1980	2018-07-31	4	8	11	12	13
1981	2018-08-02	1	4	5	7	11
1982	2018-08-04	1	2	3	6	7
1983	2018-08-06	2	4	9	14	19
1984	2018-08-08	8	13	14	19	22
1985	2018-08-10	19	22	23	26	31
1986	2018-08-12	2	5	8	11	16
1987	2018-08-14	8	12	17	19	23
1988	2018-08-16	14	17	19	21	23
1989	2018-08-18	10	13	18	21	26
1990	2018-08-20	5	7	9	12	16
1991	2018-08-22	20	25	28	31	33
1992	2018-08-24	10	13	14	19	21
1993	2018-08-26	12	15	16	21	26
1994	2018-08-28	5	10	15	19	20
1995	2018-08-30	4	7	8	11	14
1996	2018-09-01	2	4	9	11	16
1997	2018-09-03	6	8	11	14	18
1998	2018-09-05	1	2	5	6	11
1999	2018-09-07	14	15	16	19	23
2000	2018-09-09	20	24	28	33	38
2001	2018-09-11	10	13	14	16	18
2002	2018-09-13	10	15	18	22	27
2003	2018-09-15	12	13	18	20	23
2004	2018-09-17	13	18	19	21	26
2005	2018-09-19	12	14	15	19	20
2006	2018-09-21	5	6	7	10	15
2007	2018-09-23	3	7	8	10	15
2008	2018-09-25	19	24	28	33	36
2009	2018-09-27	11	15	17	18	23
2010	2018-09-29	14	17	21	22	23
2011	2018-10-01	4	6	7	9	11
2012	2018-10-03	15	16	19	21	26
2013	2018-10-05	3	8	9	12	16
2014	2018-10-07	8	11	16	17	18
2015	2018-10-09	14	15	18	21	25
2016	2018-10-11	17	18	21	26	29
2017	2018-10-13	13	14	16	21	24
2018	2018-10-15	15	20	25	26	28
2019	2018-10-17	4	5	6	9	10
2020	2018-10-19	8	11	14	15	20
2021	2018-10-21	6	7	11	15	16
2022	2018-10-23	2	6	8	11	15
